37363200
13586436
3187205
8048646
7364103
4757513
25304663
27692044
5207054
3187215
5409297
18055187
30688789
12363798
19066903
7738628
18699808
17922083
6448681
6204458
7695367
3527726
7330863
1873968
25861175
17236030
11641406
26382399
19739712
2258501
11793479
8967240
2395211
34918476
5751887
2539448
8507478
7640151
22222424
3567194
11130127
1273437
5617758
7506528
7506530
19902563
11623014
35504728
17821289
26886418
13034096
8812658
1884277
15004283
5670524
37177982
10460804
24617605
4501128
3120780
40287605
27753581
2057361
1981587
19817622
4278935
7704662
13056794
21822622
1110687
4977831
2804904
5726890
14239405
11586736
13579123
16707255
6984888
26739387
17297596
2174654
2232437
42758850
16707270
4033735
33181386
4865233
42628308
16707285
5362391
4295401
30314219
35085429
9841394
7563507
7815193
29383413
6679287
2681081
13520639
21515563
4174084
9999109
2464527
14500626
21278484
26060054
13319447
7428378
32822053
16707240
39962929
2924852
13982007
31111481
41199932
7830846
33259841
33039171
9282372
23871813
4197195
3929420
39369550
25374546
2513235
25449358
13969750
31168344
28349785
35992412
30467939
2479465
3223402
36693479
3571569
11954547
13176638
1027958
2478313
21376895
3444096
23526840
40093334
142729
30650762
8841614
26022804
5968793
11795866
44046747
10230172
4785733
32135665
16740778
2106286
31153736
5256115
3079092
8177592
7321532
18586562
5998533
9018320
7587284
18006777
1916385
8000482
1336292
42745318
4339175
24932329
44788135
1904109
1093105
8227667
44947446
9405431
51192
21660666
3596795
14264490
