3444096
37363200
3187205
8048646
7364103
4501128
4757513
13319447
27692044
25449358
3187215
31168344
2057361
11954547
29383413
21278484
40093334
4278935
7815193
7428378
44947446
10230172
13056794
21822622
5998533
3571569
2804904
6448681
26886418
14239405
3527726
7330863
24617605
5256115
3079092
25861175
2539448
14500626
7830846
26382399
19739712
33259841
18586562
9282372
4785733
33181386
2395211
34918476
8000482
39369550
9018320
8177592
8227667
44788135
19066903
22222424
28349785
3567194
11641406
35992412
1273437
5617758
7506528
7506530
15004283
42745318
11623014
4339175
4295401
30314219
1904109
26022804
13034096
1093105
9841394
7563507
1884277
32135665
18006777
21660666
3596795
37177982
9999109
